0 -31
64 0
32 -47
67 -22
2 -30
77 -38
31 -47
66 -9
78 -38
30 -48
65 -4
67 -16
45 -44
64 -3
73 -39
47 -41
4 -25
72 -40
36 -45
42 -45
66 0
67 -23
62 -27
66 -8
67 -6
71 -41
64 -9
66 -25
5 -25
64 -6
64 -19
37 -44
0 -32
64 -2
1 -31
62 -26
65 -11
66 -3
67 -7
65 -6
66 -24
65 -17
43 -41
62 -33
64 -22
67 -18
79 -37
63 -26
66 -13
28 -48
62 -29
63 -13
65 -16
66 -1
67 -12
70 -43
33 -47
64 -15
66 -19
0 -34
3 -28
3 -29
63 -24
67 -19
77 -39
63 -27
40 -43
30 -47
65 -13
29 -48
70 -42
64 -1
66 -18
6 -22
61 -35
67 -24
1 -27
35 -46
1 -29
82 -36
66 -7
0 -28
71 -42
63 -11
65 -2
64 -5
75 -39
81 -36
49 -40
38 -44
37 -45
2 -29
67 -9
1 -32
46 -42
65 -12
66 -6
67 -8
65 -7
64 -8
65 -18
64 -21
65 0
42 -42
2 -28
79 -38
66 -16
81 -37
0 -30
62 -32
63 -14
65 -9
65 -1
71 -40
64 -14
48 -41
7 -22
0 -33
3 -25
34 -47
66 -2
67 -20
40 -42
66 -11
76 -39
65 -14
39 -43
46 -43
65 -25
66 -17
0 -29
61 -36
34 -46
41 -42
67 -21
1 -28
66 -10
67 -4
5 -24
63 -12
65 -3
67 -15
45 -43
64 -4
44 -44
4 -26
64 -17
6 -23
84 -35
62 -28
66 -5
67 -5
64 -10
65 -8
64 -7
65 -19
62 -35
64 -20
42 -41
2 -27
66 -15
1 -30
65 -10
66 -4
67 -10
5 -23
65 -5
47 -42
64 -26
3 -26
62 -34
64 -23
67 -17
63 -25
66 -14
83 -36
83 -35
65 -15
74 -39
67 -11
27 -48
80 -37
64 -16
65 -26
66 -20
48 -40
43 -45
3 -27
64 -11
64 -12
64 -13
65 -21
65 -22
65 -23
64 -24
64 -25
