0 -31
0 -32
0 -34
0 -28
0 -30
0 -33
0 -29
1 -31
1 -27
1 -29
1 -32
1 -28
1 -30
2 -30
2 -29
2 -28
2 -27
3 -28
3 -29
3 -25
3 -26
3 -27
4 -25
4 -26
5 -25
5 -24
5 -23
6 -22
6 -23
7 -22
27 -48
28 -48
29 -48
30 -48
30 -47
31 -47
32 -47
33 -47
34 -47
34 -46
35 -46
36 -45
37 -44
37 -45
38 -44
39 -43
40 -43
40 -42
41 -42
42 -45
42 -42
42 -41
43 -41
43 -45
44 -44
45 -44
45 -43
46 -42
46 -43
47 -41
47 -42
48 -41
48 -40
49 -40
61 -35
61 -36
62 -27
62 -26
62 -33
62 -29
62 -32
62 -28
62 -35
62 -34
63 -26
63 -13
63 -24
63 -27
63 -11
63 -14
63 -12
63 -25
64 0
64 -3
64 -9
64 -6
64 -19
64 -2
64 -22
64 -15
64 -1
64 -5
64 -8
64 -21
64 -14
64 -4
64 -17
64 -10
64 -7
64 -20
64 -26
64 -23
64 -16
65 -4
65 -11
65 -6
65 -17
65 -16
65 -13
65 -2
65 -12
65 -7
65 -18
65 0
65 -9
65 -1
65 -14
65 -25
65 -3
65 -8
65 -19
65 -10
65 -5
65 -15
65 -26
66 -9
66 0
66 -8
66 -25
66 -3
66 -24
66 -13
66 -1
66 -19
66 -18
66 -7
66 -6
66 -16
66 -2
66 -11
66 -17
66 -10
66 -5
66 -15
66 -4
66 -14
66 -20
67 -22
67 -16
67 -23
67 -6
67 -7
67 -18
67 -12
67 -19
67 -24
67 -9
67 -8
67 -20
67 -21
67 -4
67 -15
67 -5
67 -10
67 -17
67 -11
70 -43
70 -42
71 -41
71 -42
71 -40
72 -40
73 -39
74 -39
75 -39
76 -39
77 -38
77 -39
78 -38
79 -37
79 -38
80 -37
81 -36
81 -37
82 -36
83 -36
83 -35
84 -35
